872217244183
783959003178
506268210656
927892608207
452161902267
794058142717
994653189489
754720645771
384330132217
221338800468
121627752432
 40084612279
621146226950
536138185622
889128730061
354672951897
171834511929
799144546503
417282983081
629106981501
636288317268
411289608590
313038716498
690590282398
355931708067
903905363737
189285771896
574113832841
635790082984
823284656061
734071722352
304637248633
792753104971
967342735724
707505795120
 10791455354
695912762702
154136024509
367980150347
328620334324
638113514310
684568368363
300031128516
980233616854
424154115768
261642497972
212414864328
867240202064
 80197749045
967163768394
936986010271
525462039850
488962373422
163573262376
342109608120
489302661882
116697295355
472098941833
757764759174
978180354889
269374653328
616806297665
 69197888829
548260241730
543433882888
588178249344
846939988653
845489901755
148432523079
826097557327
995300017500
698550369646
456546405310
684113482861
624264655318
237355696015
765469640766
627615626272
642894177600
192200563162
293219804182
966411008214
 79763732201
126414481921
913192215842
234196507264
822261416589
407264163979
743360529350
536242016123
809777017207
 80482435318
282720826091
455744036960
416117785812
411241067446
464344554253
592755203933
999560498796
479132478994
106259991754
799262741526
295518586043
967106803620
 73093874650
280493181439
587910256909
401096759944
234298282648
 97908737166
 40727202395
 32364515065
792633497507
848902466534
343383303135
882193353334
717028811231
971918710297
970811413585
829777244339
858634100414
973230732729
892728955928
785620008228
466777684099
330207650138
901464100586
362119675129
537444857001
731619828730
531106023866
737587541607
 49137785051
635408440931
741207823407
556347712215
237803318224
518873262083
731032680493
 81307967338
827466432589
433749090795
384343258535
 36251501636
594358225771
589494863461
719373353384
 70764257281
106867969518
644017621937
617336268158
374295173413
863536691087
449726721938
371582473693
572720973657
873671511847
542167134569
263433611327
185943708495
631916138330
587997198698
861556972305
768904773190
111234517997
983132729949
 92761078955
225546410694
349569319725
632932862990
971972884723
975212561394
620976763557
530413148816
785711970443
971281697273
908312206096
884503455642
330073362162
801340455914
413756041179
831998410856
793507834694
548739814241
101396732391
512002635062
 21462930950
501732377584
859848423780
 55208640783
308980888571
194993676677
619630883960
744304729786
567263729854
 73078919714
990217853456
175592961836
152897867547
819198168601
908041328247
975560075854
903636156063
582867640966
978098900663
207854829889
520257957859
558588383373
354378972279
797910984939
377708985148
388415341265
 70843322012
210639422839
834665509479
873786533534
  5258052919
335493127893
153728340292
957435298190
879769407077
169140640252
218273622799
474600457511
709320044866
597088610027
681669946294
577603069052
997318615191
941328811736
474740548828
610854230339
848523261280
628421943653
974019728195
812846743937
220590258204
919419476079
357248022578
361537469326
708520488228
830998953072
709618197651
367126923459
957349753607
256311618471
417074107751
705735421036
938632409944
764780278163
411838767447
620162554975
965178858158
  6087109083
305546640003
832505292889
253596617258
 76767272655
705293495050
988056154535
616228230867
975383290659
571662442128
994911225348
921055352284
429004212452
617346471106
 11385941807
658700078444
352325699626
911209161083
161098637126
809522174408
114461204768
914662939243
501288834359
850208357464
269492622690
234099943161
722785452122
883518463566
520820167883
359333578998
173797121321
589110401932
283406979049
 73172487225
358653398412
506541626035
419981632883
459613576478
934761854961
316425870588
543592495199
803141280639
996018845508
 41759321941
956402171712
363607367002
897506121244
232969759470
726375966666
556719617161
755104218144
197449304449
118558907198
745613329096
885036335092
858159327612
275400366319
 62601211912
405203062191
388385416912
416377575469
 94450643294
399297100072
152771548433
597672633092
727023089348
399184152145
927726953726
836764876177
 60871943818
646585395181
820564857296
696742457421
784827183702
758682727589
670685411565
461299571753
546964698009
417446753948
176001002063
110089604794
980536478884
327961746494
228704628347
 26629921573
812615992660
461219513574
152365941826
615116458960
753455742469
793133488803
862708151408
114240885347
730267525354
338784151604
712539049509
455363174543
868720065860
716301072063
585215611036
730374095074
913110743965
455674759780
401929517663
467179008029
957704086580
983756352512
851395847707
879464498394
537951895446
540449635219
217119450961
143126101968
724477956319
297379452690
515529794478
913012643504
571354549925
611603391729
701123226308
 70570268960
318736193780
661394250096
770585641321
247827060638
832712354412
459689380804
844586298898
165324691059
569508657621
 33702537615
538892338782
 32388940904
729027660379
666246081348
387707702186
748348893472
902784770941
971758431069
155406852337
966451858282
760963218309
 59840082016
582602766698
340043900115
541659092307
999261983540
698798896654
887600395793
418967496756
920091226935
846443402502
675769406222
711043464009
411405951214
544722885270
760831200189
605177038812
246303673201
677000392865
 52783556559
 69795134672
607749860493
944483432027
518394297912
551645540341
694871993294
   583514611
690428316112
258475452245
844330162237
154617820767
898071714475
546230761286
360040971010
517932983268
879327928714
 29353239986
882296612061
255328314111
949795468406
444283702811
 54810740178
963601248992
495467984387
300221629238
521979704950
129663278605
646208131327
430047499444
 37965569543
220671752383
219446646666
500309912841
496565719351
 40362936913
 12613313697
738273869651
918190841079
329515958717
762930698155
404688538826
763374452405
823176146168
350663517395
325965589437
876703986472
437292049452
396680604715
437748299484
508117193953
791625751643
295543189620
225950912526
836748238114
772097248381
297505874047
451292464765
423567575913
837661102763
156079230929
 39937062289
416801422914
171573398376
731769329195
436184775408
822551110333
704177721738
102119504747
753812997915
211045957318
303162301952
843944955210
406800689493
463870491724
821868055307
222781405394
115785474732
356184984608
639059300093
 70707310125
231346048028
 79323195858
977212287330
 30285364229
897659467470
787815861843
286925317605
408427187429
374599299647
150411800125
273471328257
358902866736
392874396229
169343922193
160766117657
  3968559749
 38067470541
 85134552685
821296949093
346993474400
197279822273
124427053236
669724346396
792876519825
207515720734
952095907739
730799427953
 65819754340
569115388652
697585436392
165574825947
729113763555
195522401078
836254683585
209828991527
449306089432
 71467296793
 42560287825
350459398023
816207617584
687748092701
918448787997
296135312261
354926322036
413280187206
682933091106
612665530139
546576877484
788095174422
521933596064
948303040292
998398129730
319191005202
647116860520
111159017957
379325555431
761217790559
876220348145
754169368676
226454791007
552254307802
572104257772
141897876383
514594110996
558025791479
915022239351
618933946010
347775319947
188930482110
 30774086123
721074906467
665006197262
 95970255821
237129073614
821117592712
140642982691
322483383412
609745884631
613273208306
425409234278
 71222517066
752263159442
146259630881
652390677841
651856230378
314531217949
798340637955
793018772608
292369908407
346260993425
129710674297
548491542747
278400396811
992375445058
391783576078
635533899244
293177870222
283244492511
475541491896
512837207423
796995274558
173658613965
556826956280
734668392175
923468476982
 58973506683
 70261830984
609165253996
865215095038
411496674513
921204102485
987532847756
851923552166
786603032782
 54673412314
409850751386
 13336884065
725706608921
896742698311
623570514539
622719112670
241654000095
192529263168
509479046771
926921190842
853744361772
110877797219
541211795707
602724292129
454256836117
239365206855
161459912256
460636452027
463703133273
251238065131
674823188840
842533421216
439063609335
792091536161
517721553955
149189469510
691608922556
174335255122
  5788117350
200788451914
899725024775
801238792334
396346927574
927241588207
448531505699
208528503469
904106640226
591106866182
937328854955
 74399864891
251031648419
685315256238
799366724495
892490130796
379657024756
  5644611234
679567908626
597195602526
528028657844
892652148069
726658190888
498579749354
909529118936
922425042234
535560634856
230479122665
539861841732
 35446605171
 69912352653
387890288147
187169996357
757232498404
 78085056057
679953096952
690164980316
874782684310
294731984952
 93627414709
645749846423
853743932761
963527601282
815372338949
790057981303
 92337882285
548005689171
876341734363
740758975140
304697284422
578846942018
 33715081020
526434980199
886322983229
872615782909
 38508777003
425600099591
442788435702
976108387695
355353532667
843856133138
563582879600
 23218932634
636026557108
 84590551188
967179810105
187789917710
950055966003
964041434370
578171901846
425979189923
341507183215
439835320752
753847574935
834018711416
940621178584
922302512879
460959826225
 52241735150
523711862425
 26038913300
 77974322599
127553668191
613352499787
429171216857
224855546487
514948465746
180222364382
195419978817
671622043667
763681402393
882480487613
 82850521635
722669740431
976581517224
955424767493
199065090477
548836593317
931010564500
252900273648
956440052519
121160343784
352886103669
611454003330
993341099494
 44959848424
461737148760
428721332016
998607928922
955707877421
585164049642
266219345271
936137322237
375568244894
 68566180234
297415764384
416125323789
120871139732
961787896290
 58947467251
538533956261
692699624071
952310238309
868971135762
846116288358
 37488531051
 66529621042
557777462053
219084754665
791522371982
144586955052
338425210911
874657685634
298655804640
567168804544
469300363522
536856923572
189630915648
127809437963
726147469313
896130155499
 92796438781
 16835978233
447083163914
568941306479
726863047549
863933737516
 17217393731
657012935447
348319312074
 50111751451
377077632675
925592862406
900304813234
630487523787
227834244860
834114743577
968716481655
162956866655
358604817344
630105016944
475565100641
672060875611
794854436718
226997943378
555461706128
471039877383
931120271577
318699205895
  7683453270
897178802585
671953325327
365990274178
269854641997
179997248060
398124001209
540698674434
737739813921
430343604136
122697429249
393985689234
410438090205
760231596218
145757515011
767465959144
279856477154
948106894526
545660991588
162984792849
616071867151
318212946057
204419285267
431045648370
719941323387
884249641922
877423636631
726236338184
608913712535
865353572161
298906060885
561730859459
 51418530011
 80211833076
385626084954
718967748901
881232537464
135965988204
443958399240
603492434048
705755094059
377106851135
855591568243
760118459339
827278910819
986993917498
951290501030
673802200809
917242297000
185332846636
 20965943594
879773287926
404745740234
214732045387
 11795424443
 10571744605
249524317917
428261103787
 50071631611
151875147546
369927580392
139842202282
962584566117
777692242562
735899573080
406288896620
234306334737
210697476840
 70327579223
539171679837
394165554927
466802536001
806180572841
217354535758
237181639992
736783118178
 95953794621
  5224113194
733211131029
 90701626908
985026324039
432119973174
455789465485
150926932999
677628585357
575614802532
783229847845
913823573244
 41435744640
218845760948
919418648065
424779356016
910331212472
555475558771
220096760850
739825228334
648239010336
723192607533
838642793959
379248477539
 90968094994
372117902650
835758535319
 22170154486
528656014715
148955243836
285542157098
669948167716
801008997597
327715167240
544473843985
290011177663
603204711246
908980360224
626461083148
818835215332
109672341810
585025867942
117810202749
128179628999
406643244775
294744390872
264898565528
511043907190
 27740027946
432758310363
477879343450
868061305703
 74695728287
417505987987
281500083691
 78038337090
398973362588
924285026203
764640727789
255013449942
 92138060982
965043511628
353883822313
847320266564
397355738796
301604186114
128314301770
202498620726
829800582050
996378759007
196875402852
348522135985
626120642428
250947276460
 34904685288
906814768864
272606843410
468427452613
342783607158
958259707406
166718029423
624351171252
520483024642
990535207741
513649578126
668667210606
401945846768
309962487872
 95115269201
808718891961
205987289632
535143283608
589978146070
442510376517
 82001494752
843422656250
863862383109
504631928391
633219467351
969520508983
961120576701
895692089599
287754547557
285646621551
144015206792
603051808007
922863848956
764047160626
879207081439
379396330721
760728797066
800751174580
147597816630
425522709052
651221113983
  5681728661
239114144832
 43048248317